2.21353099          2.59454638
4.95544331          1.31079038
5.84896252          3.60572242
2.42514714          3.0087928
3.33457735          2.85045476
5.71602677          2.21356192
1.84624416          3.08954425
2.15729517          1.9864394
4.7684206          1.50751114
1.62425119          2.2493428
2.63191357          3.66460902
2.28762926          2.64591944
5.54004119          3.39504448
1.74350491          1.84654684
3.43443477          3.81700318
1.80916881          2.84912356
3.24157817          9.57750918
2.25309701          11.47518087
3.70124749          9.44591241
1.6948421          11.86340975
4.18220446          9.81909281
4.08216903          8.71123953
2.10708255          10.5757811
3.55931572          9.07591952
4.92277018          8.79895864
3.42174509          10.56063405
2.85457021          9.11782788
2.64958948          9.50012467
4.89129276          8.00463327
2.80094602          10.19234579
2.89879617          8.6261909
4.31296339          9.6800896
9.42742967          2.90918448
11.79132824          2.96223452
9.41509601          2.42286625
9.79841165          3.74273528
10.11082471          1.27618173
10.03326219          3.51658733
9.128761          1.137683
9.62315586          3.14023469
11.60290935          3.40181006
9.26973192          3.01089907
10.1374085          3.14574177
10.48451331          3.58719242
9.96584192          2.22786841
9.77519921          2.74571484
10.8359802          1.9441309
11.93742551          1.99788465
9.91903803          10.17397262
11.75836453          8.51309046
10.89619701          9.8061274
10.28173406          8.81311994
10.42441393          10.51278358
10.85773656          9.24983924
10.99372688          10.93898118
9.81596009          10.63144413
11.20393339          8.14135242
10.98200135          9.64982635
11.56508046          10.70803264
9.92489734          8.37859898
11.60884869          11.73148515
11.74887693          9.27932033
10.21654505          11.86298289
9.47507452          10.33200139
